model 0
precision: [0.75850891 0.56836461]
recall: [0.74403816 0.58725762]
f1: [0.75120385 0.57765668]


