model 0
precision: [0.70320405 0.44836272]
recall: [0.65566038 0.50282486]
f1: [0.67860049 0.47403462]


