model 0
precision: [0.7046549  0.47683924]
recall: [0.69572108 0.48746518]
f1: [0.70015949 0.48209366]


