model 0
precision: [0.94239291 0.94736842]
recall: [0.9740458  0.88695652]
f1: [0.95795796 0.91616766]


