model 0
precision: [0.82644628 0.93280632]
recall: [0.92165899 0.84892086]
f1: [0.87145969 0.88888889]


