model 0
precision: [0.53549696 0.49295775]
recall: [0.51162791 0.51687764]
f1: [0.52329039 0.5046344 ]


