model 0
precision: [0.69345238 0.53144654]
recall: [0.75772358 0.45066667]
f1: [0.72416472 0.48773449]


