model 0
precision: [0.7027439  0.48502994]
recall: [0.72827804 0.45378151]
f1: [0.71528317 0.46888567]


