model 0
precision: [0.96253602 0.94444444]
recall: [0.97518248 0.91746032]
f1: [0.96881798 0.93075684]


