model 0
precision: [0.66812865 0.47385621]
recall: [0.7394822  0.38978495]
f1: [0.70199693 0.42772861]


