model 0
precision: [0.73170732 0.52994012]
recall: [0.75353218 0.50141643]
f1: [0.7424594  0.51528384]


