model 0
precision: [0.71452145 0.421875  ]
recall: [0.6610687  0.48358209]
f1: [0.68675654 0.45062587]


