model 0
precision: [0.95611702 0.9233871 ]
recall: [0.97425474 0.8740458 ]
f1: [0.96510067 0.89803922]


