model 0
precision: [0.48622366 0.46648794]
recall: [0.6012024  0.35437882]
f1: [0.53763441 0.40277778]


