model 0
precision: [0.67356688 0.48342541]
recall: [0.69344262 0.46052632]
f1: [0.68336026 0.47169811]


