model 0
precision: [0.52421652 0.48982786]
recall: [0.36078431 0.65208333]
f1: [0.42740999 0.55942806]


