model 0
precision: [1.         0.76341604]
recall: [0.65165675 1.        ]
f1: [0.78909465 0.8658377 ]


