model 0
precision: [0.36904762 0.95121951]
recall: [0.93939394 0.42391304]
f1: [0.52991453 0.58646617]


