model 0
precision: [0.71428571 1.        ]
recall: [1.         0.86666667]
f1: [0.83333333 0.92857143]


