model 0
precision: [0.93270736 0.81641259]
recall: [0.7595582  0.95124717]
f1: [0.83727464 0.87868738]


