model 0
precision: [0.44915254 0.96341463]
recall: [0.94642857 0.54861111]
f1: [0.6091954  0.69911504]


