model 0
precision: [0.3423913  0.89534884]
recall: [0.875      0.38888889]
f1: [0.4921875  0.54225352]


