model 0
precision: [0.84682927 0.79030303]
recall: [0.6258111  0.92569806]
f1: [0.71973466 0.85265911]


