model 0
precision: [0.80076628 0.83468835]
recall: [0.77407407 0.85555556]
f1: [0.78719397 0.84499314]


