model 0
precision: [0.472 0.944]
recall: [0.89393939 0.64130435]
f1: [0.61780105 0.76375405]


