model 0
precision: [0.34183673 0.92307692]
recall: [0.89333333 0.42666667]
f1: [0.49446494 0.58358663]


