model 0
precision: [1.         0.96825397]
recall: [0.97101449 1.        ]
f1: [0.98529412 0.98387097]


