model 0
precision: [1.         0.68336777]
recall: [0.47918437 1.        ]
f1: [0.6479035  0.81190549]


