model 0
precision: [0.49090909 0.97777778]
recall: [0.96428571 0.61111111]
f1: [0.65060241 0.75213675]


