model 0
precision: [1.         0.66154254]
recall: [0.49001597 1.        ]
f1: [0.65773251 0.79629925]


