model 0
precision: [0.48062016 0.92907801]
recall: [0.86111111 0.66161616]
f1: [0.61691542 0.77286136]


