model 0
precision: [0.472      0.93333333]
recall: [0.89393939 0.59756098]
f1: [0.61780105 0.72862454]


