model 0
precision: [0.93650794 0.95522388]
recall: [0.9516129  0.94117647]
f1: [0.944      0.94814815]


