model 0
precision: [1.         0.90909091]
recall: [0.9 1. ]
f1: [0.94736842 0.95238095]


