model 0
precision: [1.         0.76007194]
recall: [0.51910598 1.        ]
f1: [0.68343617 0.86368281]


