model 0
precision: [1.  0.9]
recall: [0.90909091 1.        ]
f1: [0.95238095 0.94736842]


