model 0
precision: [0.41212121 0.94814815]
recall: [0.90666667 0.56888889]
f1: [0.56666667 0.71111111]


