model 0
precision: [0.99885321 0.87317961]
recall: [0.80648148 0.99930556]
f1: [0.89241803 0.93199482]


