model 0
precision: [0.52777778 0.92622951]
recall: [0.86363636 0.68902439]
f1: [0.65517241 0.79020979]


