model 0
precision: [1.         0.82603597]
recall: [0.67916366 1.        ]
f1: [0.80893087 0.90473132]


