model 0
precision: [0.47286822 0.92198582]
recall: [0.84722222 0.65656566]
f1: [0.60696517 0.76696165]


