model 0
precision: [0.87572816 0.88053691]
recall: [0.83518519 0.91111111]
f1: [0.8549763  0.89556314]


