model 0
precision: [0.3803681  0.94029851]
recall: [0.93939394 0.38414634]
f1: [0.54148472 0.54545455]


