model 0
precision: [0.98529412 1.        ]
recall: [1.         0.98412698]
f1: [0.99259259 0.992     ]


