model 0
precision: [0.48888889 0.94545455]
recall: [0.88       0.69333333]
f1: [0.62857143 0.8       ]


