model 0
precision: [0.47286822 0.95867769]
recall: [0.92424242 0.63043478]
f1: [0.62564103 0.76065574]


