model 0
precision: [0.39393939 0.94117647]
recall: [0.92857143 0.44444444]
f1: [0.55319149 0.60377358]


