model 0
precision: [0.72516556 0.52590674]
recall: [0.70531401 0.5501355 ]
f1: [0.71510204 0.53774834]


