model 0
precision: [0.76833333 0.54615385]
recall: [0.72257053 0.60511364]
f1: [0.7447496  0.57412399]


