model 0
precision: [0.71183801 0.45689655]
recall: [0.70743034 0.4622093 ]
f1: [0.70962733 0.45953757]


