model 0
precision: [0.49267399 0.53603604]
recall: [0.56631579 0.46213592]
f1: [0.52693438 0.49635036]


