model 0
precision: [0.96020539 0.9638009 ]
recall: [0.98941799 0.87295082]
f1: [0.97459283 0.91612903]


