model 0
precision: [0.92948718 0.94545455]
recall: [0.98371777 0.79087452]
f1: [0.95583388 0.86128364]


