model 0
precision: [0.75205931 0.87212864]
recall: [0.84537037 0.79097222]
f1: [0.79598954 0.82957028]


