model 0
precision: [0.52475248 0.96969697]
recall: [0.94642857 0.66666667]
f1: [0.67515924 0.79012346]


