model 0
precision: [1.         0.84705882]
recall: [0.75925926 1.        ]
f1: [0.86315789 0.91719745]


