model 0
precision: [0.46428571 0.95454545]
recall: [0.92857143 0.58333333]
f1: [0.61904762 0.72413793]


