model 0
precision: [0.88059701 0.96825397]
recall: [0.96721311 0.88405797]
f1: [0.921875   0.92424242]


