model 0
precision: [0.92941176 1.        ]
recall: [1.         0.88235294]
f1: [0.96341463 0.9375    ]


