model 0
precision: [0.33510638 0.8902439 ]
recall: [0.875      0.36868687]
f1: [0.48461538 0.52142857]


