model 0
precision: [0.44303797 0.96478873]
recall: [0.93333333 0.60888889]
f1: [0.60085837 0.74659401]


