model 0
precision: [0.40714286 0.91818182]
recall: [0.86363636 0.54891304]
f1: [0.55339806 0.68707483]


