model 0
precision: [1.         0.70748663]
recall: [0.53525913 1.        ]
f1: [0.69728832 0.82868775]


