model 0
precision: [0.32300885 0.97297297]
recall: [0.97333333 0.32      ]
f1: [0.48504983 0.48160535]


