model 0
precision: [0.90909091 1.        ]
recall: [1.  0.9]
f1: [0.95238095 0.94736842]


