model 0
precision: [0.43055556 0.95348837]
recall: [0.93939394 0.5       ]
f1: [0.59047619 0.656     ]


