model 0
precision: [0.39849624 0.95522388]
recall: [0.94642857 0.44444444]
f1: [0.56084656 0.60663507]


