model 0
precision: [0.92857143 1.        ]
recall: [1.         0.85714286]
f1: [0.96296296 0.92307692]


