model 0
precision: [0.496 0.968]
recall: [0.93939394 0.6576087 ]
f1: [0.64921466 0.78317152]


