model 0
precision: [0.39873418 0.91964286]
recall: [0.875      0.52020202]
f1: [0.54782609 0.66451613]


