model 0
precision: [0.40131579 0.93589744]
recall: [0.92424242 0.44512195]
f1: [0.55963303 0.60330579]


