model 0
precision: [1.         0.63959391]
recall: [0.36661003 1.        ]
f1: [0.53652471 0.78018576]


