model 0
precision: [0.83444339 0.86181076]
recall: [0.81203704 0.87916667]
f1: [0.82308775 0.8704022 ]


