model 0
precision: [0.56122449 0.91666667]
recall: [0.83333333 0.73780488]
f1: [0.67073171 0.81756757]


