model 0
precision: [0.81802182 0.91662807]
recall: [0.92811502 0.79286859]
f1: [0.86959775 0.85026853]


