model 0
precision: [0.40993789 0.9352518 ]
recall: [0.88       0.57777778]
f1: [0.55932203 0.71428571]


