model 0
precision: [1.         0.72812135]
recall: [0.62779553 1.        ]
f1: [0.77134446 0.84267387]


