model 0
precision: [0.48461538 0.93571429]
recall: [0.875      0.66161616]
f1: [0.62376238 0.77514793]


