model 0
precision: [0.44525547 0.95575221]
recall: [0.92424242 0.58695652]
f1: [0.60098522 0.72727273]


