model 0
precision: [0.69032258 0.46756757]
recall: [0.6848    0.4739726]
f1: [0.6875502 0.4707483]


