model 0
precision: [0.69740634 0.53716216]
recall: [0.77938808 0.43089431]
f1: [0.73612167 0.47819549]


