model 0
precision: [0.56913828 0.42769857]
recall: [0.50265487 0.49411765]
f1: [0.53383459 0.45851528]


