model 0
precision: [0.96784074 0.8962536 ]
recall: [0.94610778 0.93674699]
f1: [0.95685087 0.91605302]


