model 0
precision: [0.6763285  0.42818428]
recall: [0.66561014 0.44011142]
f1: [0.67092652 0.43406593]


