model 0
precision: [0.7296875  0.48285714]
recall: [0.72067901 0.49415205]
f1: [0.72515528 0.48843931]


