model 0
precision: [0.86401674 0.92382812]
recall: [0.91371681 0.87918216]
f1: [0.88817204 0.90095238]


