model 0
precision: [0.52298851 0.50854701]
recall: [0.54274354 0.48870637]
f1: [0.53268293 0.49842932]


