model 0
precision: [0.8436019  0.85387324]
recall: [0.81093394 0.88021779]
f1: [0.82694541 0.8668454 ]


