model 0
precision: [0.51831502 0.44144144]
recall: [0.53295669 0.42701525]
f1: [0.52553389 0.43410853]


