model 0
precision: [0.55473098 0.52549889]
recall: [0.582846   0.49685535]
f1: [0.56844106 0.51077586]


