model 0
precision: [0.82761194 0.24299065 0.27272727 0.         0.         0.        ]
recall: [0.98446516 0.12682927 0.02290076 0.         0.         0.        ]
f1: [0.89924995 0.16666667 0.04225352 0.         0.         0.        ]


