model 0
precision: [0.64802632 0.45811518]
recall: [0.65557404 0.44987147]
f1: [0.65177833 0.4539559 ]


