model 0
precision: [0.6977492  0.44565217]
recall: [0.68025078 0.46590909]
f1: [0.68888889 0.45555556]


