model 0
precision: [0.5505618  0.50219298]
recall: [0.56429942 0.48827292]
f1: [0.55734597 0.49513514]


